1048 1047 1044 1039 1037 1032 1030 1026 1022 1020 1017 1014 1013 1011 1010 1009 1008 1003 998 996 994 992 988 986 982 980 977 971 969 965 963 964 958 953 949 945 941 936 932 929 923 919 914 908 905 900 898 895 890 888 882 879 873 870 864 861 858 853 846 843 837 834 828 823 821 818 815 808 804 798 795 789 783 777 773 769 765 761 754 751 748 742 737 732 728 725 720 717 712 706 703 700 696 691 685 679 674 668 665 663 658 656 651 649 644 641 637 634 628 624 625 623 625 619 613 614 612 609 609 603 603 599 597 591 586 580 575 570 567 565 565 562 558 555 556 555 554 556 556 554 555 
1048 1043 1041 1039 1038 1037 1032 1028 1025 1020 1018 1019 1017 1016 1012 1011 1009 1003 998 996 993 991 988 986 982 980 977 972 969 965 960 958 954 951 945 942 940 936 931 926 921 917 915 910 911 905 902 899 894 891 885 884 878 873 868 868 862 858 851 844 841 834 827 820 816 812 808 805 799 795 790 787 783 780 777 772 765 761 755 751 747 742 739 733 727 722 720 713 709 706 701 697 697 694 689 683 680 674 668 663 661 655 652 646 642 636 633 629 625 622 623 620 621 615 611 615 610 606 603 600 597 594 593 588 582 577 572 570 566 563 563 559 558 553 555 550 549 551 553 549 550 
1046 1041 1041 1037 1037 1034 1032 1030 1025 1020 1019 1022 1022 1020 1016 1015 1011 1006 1001 997 995 996 994 992 986 984 980 977 973 967 962 956 954 952 950 944 945 940 935 929 926 923 919 914 916 909 905 900 895 891 887 886 881 878 871 865 861 855 850 843 840 836 832 826 820 818 812 811 804 798 791 785 782 777 773 770 765 759 754 747 744 739 736 730 725 718 715 712 709 704 699 694 691 687 685 681 674 674 668 666 660 656 651 646 643 637 632 626 624 620 619 617 616 613 609 611 609 603 603 600 594 592 589 586 580 574 570 568 562 560 559 556 555 551 550 547 547 550 550 546 549 
1041 1039 1038 1035 1033 1032 1030 1028 1024 1022 1022 1024 1027 1023 1020 1020 1015 1011 1007 1001 1000 998 997 995 992 990 985 981 975 972 966 960 960 957 952 947 943 941 936 932 929 929 922 918 914 910 904 897 890 887 883 880 876 871 866 861 858 855 853 847 840 837 831 826 819 814 810 806 801 796 792 788 782 775 770 766 759 753 750 744 741 735 732 729 725 719 717 710 706 700 696 692 690 683 680 676 670 670 664 661 655 650 645 642 638 636 631 627 622 618 616 612 613 608 605 608 604 601 599 595 590 587 583 580 576 572 569 566 562 560 558 553 552 550 545 544 543 546 548 544 546 
1039 1044 1039 1036 1034 1035 1035 1032 1028 1025 1026 1029 1031 1025 1024 1018 1013 1010 1006 1003 1003 1001 998 996 994 991 990 985 980 974 969 963 959 955 953 949 949 946 940 938 935 932 925 922 917 912 906 901 895 891 889 886 880 875 869 863 859 852 846 842 839 833 830 825 820 815 812 809 808 801 796 789 785 778 776 769 764 759 752 749 744 739 732 728 721 714 711 705 702 696 690 687 683 678 675 670 667 664 661 657 652 649 643 638 635 630 627 626 623 617 614 610 608 607 601 605 604 602 596 591 588 582 585 581 580 576 570 568 566 563 558 555 554 550 545 545 542 545 544 543 542 
1037 1041 1038 1037 1038 1039 1039 1036 1032 1028 1030 1035 1032 1031 1025 1019 1013 1009 1007 1005 1007 1004 1000 996 993 989 986 981 976 973 971 965 963 960 956 954 953 948 944 944 937 935 929 922 919 914 909 902 898 897 894 889 885 880 874 868 862 856 850 845 842 838 832 829 823 820 815 810 806 799 794 790 787 780 777 774 769 762 756 750 743 738 735 729 722 717 712 708 701 698 692 688 685 682 680 673 672 671 666 660 653 646 643 637 632 629 625 622 618 617 612 607 604 601 597 599 599 600 595 591 586 580 582 578 574 575 572 570 565 563 557 551 549 546 544 544 540 540 542 541 541 
1033 1037 1038 1041 1043 1040 1040 1036 1033 1029 1033 1029 1027 1025 1021 1018 1013 1011 1012 1010 1009 1003 999 995 989 986 983 981 976 973 969 967 964 962 958 957 956 952 947 941 934 930 925 922 916 909 906 901 896 893 887 884 878 873 869 865 859 854 850 846 841 836 833 829 823 820 813 807 804 801 794 791 786 779 773 769 762 759 752 746 740 736 729 726 721 717 714 711 708 702 697 693 691 686 684 677 670 667 662 659 655 649 647 641 634 631 624 620 616 611 608 603 600 597 595 596 595 595 589 587 582 577 576 575 572 573 572 570 565 560 554 551 550 546 543 543 539 536 538 540 540 
1030 1032 1037 1041 1042 1042 1041 1040 1037 1033 1037 1032 1030 1025 1021 1018 1016 1014 1017 1012 1010 1007 1003 997 992 992 986 986 982 979 974 971 969 963 959 957 955 948 946 940 934 930 923 917 912 909 906 901 900 895 892 885 879 875 871 866 862 856 852 851 846 840 838 831 824 818 813 808 803 796 792 787 782 775 770 764 759 755 751 748 741 737 732 729 726 720 717 718 711 708 701 698 695 688 685 681 675 673 668 661 654 649 646 641 638 636 630 626 619 617 610 607 603 599 593 591 590 592 587 583 579 575 573 570 567 569 568 565 559 554 554 549 546 546 542 542 537 535 535 535 537 
1029 1032 1035 1036 1038 1037 1036 1036 1040 1038 1039 1037 1033 1029 1027 1024 1022 1019 1018 1016 1011 1007 1004 1000 997 995 989 984 981 975 973 969 965 958 955 952 949 944 940 934 927 924 921 914 910 907 904 898 893 889 886 879 875 872 867 864 859 855 849 845 841 837 831 824 817 814 811 805 800 793 789 786 780 775 771 768 762 761 755 751 747 742 736 733 728 725 720 724 717 710 705 699 694 688 685 681 678 673 669 666 659 655 650 644 642 639 634 628 623 619 613 606 601 596 591 589 588 587 583 578 578 575 573 568 565 564 562 559 555 550 548 549 544 540 541 538 537 534 531 533 537 
1026 1031 1031 1035 1036 1032 1033 1034 1040 1039 1041 1039 1035 1034 1029 1026 1024 1020 1018 1012 1010 1005 1003 999 995 991 989 983 979 977 977 971 965 961 959 959 954 950 943 941 934 927 922 917 914 911 907 902 899 895 888 885 880 878 874 867 863 857 852 852 845 840 833 830 824 817 813 809 804 798 796 790 784 779 772 769 765 765 758 757 751 746 739 738 735 728 726 719 715 712 705 702 696 691 691 685 681 676 673 666 662 657 654 647 641 634 628 623 619 616 611 607 604 597 593 587 585 582 578 576 574 573 571 566 563 560 561 555 554 549 546 543 540 536 538 543 539 534 529 531 532 
1024 1026 1029 1034 1033 1028 1029 1029 1035 1037 1036 1038 1040 1039 1033 1032 1029 1023 1018 1014 1012 1010 1008 1002 996 993 994 988 983 983 977 974 971 965 962 957 951 948 941 937 934 931 926 924 918 914 912 909 904 897 894 889 883 877 871 864 861 858 854 852 849 842 837 834 827 820 816 813 809 803 799 792 785 781 775 774 768 769 763 760 755 749 744 741 734 731 730 726 719 715 708 708 702 697 696 689 683 676 672 669 663 658 651 645 641 635 629 626 619 615 610 603 599 596 590 588 585 583 578 574 572 567 565 562 558 556 555 551 548 543 546 544 538 533 534 537 536 533 528 532 529 
1023 1027 1028 1031 1028 1026 1024 1026 1029 1034 1033 1039 1039 1035 1032 1029 1026 1020 1018 1016 1015 1011 1008 1002 999 998 995 992 987 987 984 977 972 968 962 956 953 950 945 938 931 928 925 922 918 913 910 906 902 898 891 888 885 878 874 868 863 858 851 848 844 840 834 828 824 819 812 806 802 796 793 790 785 781 778 777 773 774 768 762 756 752 745 739 733 728 724 719 716 713 708 703 699 693 689 684 682 679 675 670 664 657 650 647 644 637 634 628 622 618 617 610 604 602 597 592 586 586 581 575 574 569 563 558 554 553 553 548 545 541 544 538 533 531 531 534 532 529 526 530 528 
1021 1022 1023 1026 1025 1025 1020 1023 1027 1031 1030 1034 1036 1036 1034 1029 1025 1021 1019 1017 1013 1011 1009 1005 1002 1001 997 993 990 988 985 981 975 974 967 961 958 952 946 940 935 935 930 925 925 920 913 906 902 898 895 889 885 882 875 869 863 860 855 852 849 846 839 836 828 823 817 810 806 803 797 795 791 786 784 784 781 774 767 759 755 747 742 739 733 730 726 723 720 714 711 704 698 694 687 681 677 674 669 666 659 654 648 644 640 636 630 627 620 616 612 607 602 595 591 587 584 581 576 573 568 563 557 555 551 549 547 545 542 539 539 533 534 529 525 529 532 527 525 528 524 
1019 1024 1024 1028 1023 1019 1018 1022 1026 1031 1026 1029 1031 1034 1035 1030 1028 1023 1025 1021 1018 1013 1012 1007 1004 1005 1004 999 994 989 986 979 979 972 966 966 960 956 951 946 940 934 931 926 920 917 912 908 905 901 899 893 886 883 877 871 866 866 863 859 851 847 840 836 831 827 825 818 811 809 804 800 799 791 792 789 782 776 773 765 759 754 746 746 739 737 731 726 720 713 708 703 701 695 689 686 679 675 672 667 661 654 651 646 643 637 630 627 622 617 613 610 604 598 591 587 581 578 574 570 567 563 561 560 557 551 550 546 540 537 535 530 529 525 521 523 526 521 521 523 523 
1018 1020 1021 1023 1017 1014 1016 1021 1023 1025 1023 1028 1030 1034 1033 1032 1033 1029 1030 1025 1021 1019 1015 1012 1010 1009 1002 998 991 987 982 975 972 967 963 960 956 953 950 945 942 937 933 927 924 918 915 914 911 907 904 897 892 887 884 876 873 874 869 864 856 851 846 844 837 832 829 825 818 814 810 808 803 796 789 784 779 771 767 760 756 751 747 743 736 730 724 719 714 710 706 699 694 691 688 682 676 671 666 663 658 653 650 643 636 633 629 628 621 618 613 607 603 597 594 587 580 577 574 571 567 564 562 557 555 551 546 543 538 536 532 527 525 523 519 517 522 519 518 517 522 
1015 1018 1019 1017 1014 1011 1016 1017 1018 1019 1020 1022 1027 1030 1031 1035 1036 1035 1035 1030 1024 1024 1020 1016 1017 1010 1006 1005 998 993 987 980 979 973 966 963 958 953 948 944 940 937 934 930 928 922 922 918 914 912 907 902 898 893 891 883 879 878 870 865 861 855 854 852 845 839 836 831 826 820 818 812 806 801 794 787 779 775 774 767 761 755 754 748 741 733 730 723 717 711 705 697 689 685 681 676 670 667 668 661 657 650 645 638 633 629 626 623 617 611 608 605 603 596 591 592 585 582 580 575 570 570 565 560 555 552 547 541 537 532 529 526 524 523 519 515 517 516 513 515 518 
1013 1013 1013 1012 1010 1005 1011 1011 1015 1013 1014 1020 1021 1027 1028 1032 1033 1039 1036 1033 1030 1031 1025 1019 1020 1016 1010 1008 1003 996 991 984 979 976 969 966 962 957 954 947 945 940 937 934 932 929 928 924 918 916 913 910 904 901 895 890 884 883 877 870 867 861 860 853 849 844 840 836 832 824 817 813 806 801 797 791 783 775 771 763 757 751 746 740 735 729 725 721 715 707 701 694 690 686 681 675 671 664 662 656 650 644 644 638 632 628 623 620 616 613 606 602 596 591 588 590 585 580 575 572 572 565 562 556 551 549 543 540 536 530 528 525 520 518 518 513 512 510 507 512 515 
1010 1008 1007 1006 1007 1003 1005 1006 1009 1011 1010 1014 1018 1023 1024 1027 1029 1035 1034 1036 1035 1035 1028 1022 1022 1017 1011 1004 1000 996 992 987 985 979 975 970 964 960 960 954 948 947 942 938 935 935 935 928 924 924 920 916 909 906 900 894 890 889 881 874 870 866 860 860 853 847 842 836 831 825 819 815 809 802 794 788 780 775 769 763 759 755 754 747 740 734 726 720 716 710 702 694 686 682 677 672 665 661 655 649 646 641 638 635 628 624 619 616 613 610 606 600 595 590 584 585 581 578 571 565 565 562 557 553 548 545 542 536 531 527 525 522 518 514 512 508 506 507 504 506 509 
1004 1002 1005 1003 1002 999 1002 1002 1004 1009 1008 1012 1015 1018 1018 1023 1025 1029 1030 1037 1041 1034 1029 1025 1028 1022 1016 1010 1003 1002 999 994 988 983 980 977 970 967 961 957 954 951 945 943 939 943 939 933 932 932 925 922 915 909 904 897 891 884 878 874 867 864 856 855 847 841 838 830 831 827 819 814 806 802 796 791 786 780 774 768 764 756 750 744 740 732 728 720 713 706 702 698 691 689 682 675 669 666 662 655 649 642 638 635 633 630 623 616 614 611 607 600 593 586 581 579 575 572 568 561 559 558 553 550 545 542 536 532 527 524 522 520 519 518 512 510 504 503 500 501 506 
998 1000 1004 1001 1000 997 999 997 1001 1004 1006 1008 1009 1013 1014 1018 1019 1023 1026 1033 1036 1041 1035 1030 1031 1026 1019 1013 1008 1005 1002 996 992 990 986 983 976 971 968 961 960 954 951 948 947 949 943 938 934 927 925 917 912 907 899 895 887 882 876 869 862 858 852 848 844 836 830 826 823 819 813 806 803 801 798 796 789 781 777 770 767 763 755 750 744 737 729 721 714 710 708 701 694 687 679 673 667 662 658 653 649 643 636 632 629 623 616 613 611 606 600 594 589 583 577 574 574 568 561 557 555 558 554 550 545 538 534 531 528 524 521 518 516 516 512 506 501 500 496 498 503 
993 998 1000 997 994 993 996 995 996 1002 1002 1004 1007 1011 1011 1013 1015 1019 1026 1032 1035 1039 1041 1036 1032 1029 1024 1019 1012 1011 1006 999 999 993 990 983 979 975 971 968 967 959 957 956 950 944 937 933 927 922 918 913 911 904 898 891 886 880 876 870 865 857 849 843 837 832 828 822 818 814 810 802 798 794 790 789 782 776 770 763 762 758 751 745 741 734 728 720 716 713 705 697 691 685 683 679 671 667 662 655 648 643 636 629 622 616 614 608 605 602 596 592 587 581 574 571 567 564 561 554 552 551 549 544 539 535 532 529 531 527 522 516 514 511 508 502 498 495 494 498 500 
991 996 996 992 988 989 990 990 993 996 1000 1002 1005 1008 1007 1011 1018 1021 1025 1031 1037 1042 1041 1036 1033 1027 1023 1018 1015 1012 1006 1002 1002 997 997 990 986 979 977 975 972 964 962 954 946 938 934 928 920 916 910 907 903 897 891 883 878 873 871 864 860 857 854 848 845 838 832 830 823 815 809 803 798 790 786 781 775 768 763 759 755 750 746 739 735 727 723 715 711 706 698 692 687 680 676 671 664 659 654 651 643 639 631 623 617 611 608 603 600 595 592 591 584 579 576 573 567 560 557 551 547 548 543 537 533 528 527 523 526 521 520 514 510 507 504 502 498 493 491 493 496 
988 994 990 986 984 986 987 985 988 991 994 999 1000 1002 1004 1007 1011 1018 1024 1029 1036 1041 1045 1040 1035 1030 1026 1024 1019 1014 1008 1005 1006 1003 1000 993 987 984 976 972 967 963 956 950 942 938 934 929 922 914 906 902 898 890 884 880 873 869 863 862 854 851 849 842 838 831 827 823 816 813 805 798 793 788 780 776 769 764 760 756 750 743 738 735 730 725 721 713 707 702 698 693 686 680 673 669 662 655 650 645 637 633 628 624 616 613 606 602 597 592 589 584 579 573 571 569 565 558 555 550 544 541 538 535 529 525 520 517 522 518 516 513 508 502 501 499 496 491 487 493 496 
986 990 986 983 981 984 981 983 982 985 989 993 997 999 1005 1011 1014 1018 1021 1027 1032 1039 1045 1046 1039 1036 1029 1029 1024 1018 1015 1009 1004 998 998 993 988 984 976 969 964 956 950 945 938 934 930 924 916 909 905 900 893 889 881 877 869 863 859 854 850 844 841 838 835 828 822 815 812 810 803 800 794 787 782 778 770 764 757 749 748 741 733 727 723 718 714 706 702 694 693 689 682 678 670 663 659 653 648 641 635 630 624 619 611 606 601 596 593 590 583 577 573 569 564 565 558 552 550 548 544 538 537 530 526 522 517 514 520 516 514 508 504 499 497 493 491 487 485 489 493 
984 984 982 979 976 979 978 978 980 984 990 992 996 998 1001 1006 1010 1016 1019 1024 1029 1032 1038 1042 1041 1041 1036 1029 1022 1019 1012 1007 1002 995 991 987 982 977 971 966 961 957 949 945 940 935 929 921 919 915 907 901 895 891 884 876 871 865 860 852 844 840 835 831 827 821 815 810 806 802 798 792 786 779 775 770 763 759 752 745 741 734 730 724 719 714 706 700 696 690 685 681 679 672 670 664 658 654 649 642 641 634 627 620 612 606 600 592 587 584 578 571 568 565 560 558 553 546 543 544 542 535 532 530 526 524 517 511 514 512 508 504 498 493 492 490 488 485 482 488 490 
980 979 976 973 972 974 974 975 981 980 986 989 991 995 1001 1005 1006 1009 1014 1021 1024 1026 1033 1037 1038 1041 1039 1033 1029 1023 1019 1012 1005 1001 998 995 988 980 972 966 959 952 947 942 936 930 922 917 912 908 903 897 889 884 880 876 872 866 858 854 848 846 841 839 833 828 823 818 811 808 803 795 787 783 780 776 770 764 756 750 742 735 730 724 718 712 706 702 695 687 681 676 672 668 664 658 654 647 641 637 635 627 621 619 611 606 598 593 587 582 575 571 565 560 557 556 551 545 539 537 535 532 527 523 520 517 511 507 513 510 504 499 494 490 487 490 487 481 477 483 486 
978 973 970 971 967 970 970 973 975 978 983 986 993 1000 999 1005 1003 1007 1010 1016 1020 1020 1026 1033 1033 1037 1038 1035 1029 1024 1018 1015 1009 1006 1002 998 991 986 979 972 966 958 953 949 942 936 929 921 919 911 907 900 894 888 888 884 879 872 865 861 856 853 845 846 840 834 830 823 815 816 809 801 794 788 781 774 770 764 758 752 744 740 732 724 719 711 703 698 697 693 687 679 672 667 659 654 650 643 637 632 627 622 615 611 608 601 598 595 587 581 580 573 566 560 554 549 546 543 536 532 529 530 523 523 519 514 509 504 508 504 502 496 490 487 485 484 481 477 475 477 483 
972 967 966 965 963 965 968 972 974 977 983 990 995 996 996 1001 1000 1006 1005 1009 1013 1016 1023 1028 1028 1035 1035 1036 1033 1028 1022 1020 1016 1010 1010 1003 997 992 984 979 971 965 957 956 948 942 936 929 924 917 915 907 900 893 893 888 887 879 872 866 860 856 850 855 848 839 835 826 818 812 804 799 792 786 780 775 766 759 754 747 741 736 728 722 714 707 701 694 689 685 680 674 670 662 658 651 645 641 636 631 625 622 615 607 601 595 590 587 580 577 573 568 560 555 548 547 543 539 536 530 523 524 517 518 512 509 505 500 506 500 500 493 487 485 482 478 481 477 473 477 477 
967 964 961 963 961 965 964 966 971 974 979 986 991 989 992 996 997 1004 1002 1009 1011 1015 1022 1023 1025 1028 1032 1038 1037 1033 1028 1024 1016 1011 1007 1001 995 990 986 979 974 968 965 960 953 948 942 934 926 918 913 908 904 901 900 894 891 883 876 873 869 862 856 856 849 844 836 830 824 818 810 805 800 791 785 778 772 763 754 749 743 738 730 723 716 712 706 699 691 685 680 677 669 665 658 651 645 641 635 627 619 615 608 602 594 587 583 579 575 570 566 562 555 549 544 540 541 535 531 524 519 519 514 514 511 506 502 496 502 495 493 494 487 482 478 476 477 471 468 473 473 
964 960 956 958 959 960 962 964 970 976 979 982 986 986 988 994 993 998 999 1003 1006 1011 1016 1019 1022 1029 1034 1038 1043 1036 1031 1023 1017 1010 1005 1001 997 990 983 976 968 964 960 956 952 946 941 937 930 922 921 914 908 908 904 898 897 892 884 880 876 871 862 861 855 849 844 835 828 821 816 813 804 796 787 782 775 766 757 749 743 736 728 722 714 708 700 694 688 680 673 669 665 658 654 649 643 639 631 627 624 617 612 604 598 592 591 585 578 570 566 559 552 546 541 536 535 530 525 518 516 515 509 508 504 500 498 493 495 489 489 490 488 483 478 473 472 468 464 467 469 
959 956 953 953 954 956 958 963 968 972 979 979 979 980 981 988 990 993 995 1001 1008 1013 1014 1017 1017 1024 1027 1032 1039 1038 1032 1026 1020 1014 1007 1001 997 989 982 978 973 971 965 961 956 952 947 942 934 927 923 918 914 915 911 903 903 896 889 888 882 876 868 862 856 850 841 836 828 823 814 805 798 793 786 778 770 762 756 751 746 739 733 726 720 712 705 699 691 682 674 666 660 655 649 644 643 637 630 623 618 613 607 600 595 591 585 578 574 566 561 560 553 545 541 533 528 525 520 513 511 510 505 501 501 496 492 489 489 485 484 487 484 483 476 471 466 467 461 466 465 
956 952 949 947 948 952 956 958 962 969 974 974 976 975 977 981 987 987 992 995 1001 1007 1010 1010 1014 1019 1024 1032 1037 1037 1032 1027 1020 1015 1010 1006 999 994 989 985 981 975 971 967 960 960 952 944 937 932 930 926 919 922 918 912 911 904 896 895 886 879 873 864 856 849 841 835 826 819 814 807 800 797 789 780 776 769 761 754 749 740 732 727 722 716 708 700 691 682 675 667 660 655 647 640 636 629 624 617 613 609 601 600 595 587 581 577 569 565 557 553 549 543 538 533 530 523 517 510 506 505 503 497 495 491 492 486 485 479 478 480 478 477 470 465 462 462 458 460 461 
950 948 945 942 945 950 952 954 959 964 970 970 973 972 974 980 982 980 987 989 994 1000 1005 1004 1008 1015 1020 1028 1029 1034 1035 1027 1023 1019 1015 1012 1006 1000 993 993 985 982 976 971 965 959 952 948 942 938 937 931 925 923 917 908 902 899 893 886 883 874 869 860 852 847 840 832 826 817 812 803 794 788 781 774 769 764 757 750 742 737 729 723 718 712 704 695 690 681 675 668 660 651 644 638 630 624 618 613 607 601 597 593 589 583 579 571 565 561 555 551 543 541 535 529 525 517 512 508 501 498 497 494 488 487 485 481 481 476 472 477 473 471 467 462 458 461 456 458 458 
944 943 945 940 944 948 952 957 962 969 969 965 966 969 971 978 976 977 980 984 991 996 1000 1001 1003 1009 1014 1022 1022 1027 1028 1028 1028 1024 1023 1020 1012 1005 1001 994 990 989 981 973 968 963 956 953 951 947 938 932 924 917 910 903 897 892 887 878 874 869 863 856 848 840 834 826 821 812 803 796 791 782 777 771 766 759 753 746 740 734 725 718 711 706 700 694 685 679 672 663 656 647 639 631 626 622 616 614 606 601 597 590 584 576 571 566 561 555 550 545 538 533 528 523 517 513 505 502 500 493 494 491 485 483 481 474 476 472 467 470 468 470 465 461 454 457 454 453 455 
941 941 939 938 942 947 949 954 958 964 964 959 960 965 968 975 971 974 977 983 986 991 998 994 1000 1006 1009 1014 1017 1022 1023 1023 1028 1029 1030 1022 1015 1008 1003 997 992 987 982 978 972 966 964 957 948 943 935 929 920 912 904 898 893 885 880 873 868 862 856 851 843 838 829 821 813 809 806 800 792 784 775 770 762 755 755 746 737 729 725 716 712 703 696 689 681 674 667 660 652 644 639 633 624 618 610 606 598 593 592 584 578 573 572 565 557 553 546 543 539 532 527 523 516 510 502 499 493 490 489 485 482 479 474 469 470 467 464 464 465 463 459 456 450 452 452 450 455 
935 937 933 935 941 945 949 954 958 961 960 955 957 964 965 970 967 971 974 979 981 987 993 989 996 1000 1005 1008 1012 1017 1019 1018 1022 1026 1028 1022 1016 1010 1004 997 993 985 979 974 969 962 955 950 945 937 931 923 918 911 902 896 891 886 877 869 863 858 849 845 836 831 823 814 808 804 797 791 783 776 767 762 755 750 746 738 730 723 717 711 705 699 690 684 676 671 665 660 652 645 636 631 623 618 612 604 597 589 585 581 577 569 566 563 556 549 542 538 536 530 525 519 514 508 503 495 491 486 482 480 479 472 472 466 463 464 460 459 459 461 458 451 447 449 447 447 450 
930 933 931 936 939 943 945 947 951 955 955 951 952 957 960 965 963 968 970 974 976 983 987 986 991 995 1001 1002 1008 1012 1011 1014 1014 1020 1020 1015 1010 1003 999 995 991 984 976 968 963 957 951 942 937 930 923 918 912 906 900 892 885 878 873 867 861 852 844 839 833 826 817 808 801 798 792 783 776 772 763 758 750 744 739 732 728 721 715 707 700 693 688 685 676 668 660 655 649 641 636 627 619 613 606 599 591 585 583 577 570 563 560 557 549 543 539 534 530 526 519 516 509 506 500 494 488 483 476 473 474 467 468 462 459 460 457 454 454 457 452 445 440 445 444 445 449 
928 927 929 932 936 942 938 943 946 951 950 948 948 953 954 958 960 961 966 971 972 979 985 982 987 993 997 995 1001 1007 1005 1006 1010 1016 1018 1019 1011 1007 1005 1002 996 988 980 972 965 957 949 944 938 930 924 918 913 908 901 892 887 882 874 865 856 847 841 832 827 820 814 805 796 789 784 778 770 765 756 750 745 739 733 726 721 716 709 702 697 689 683 676 670 665 657 649 642 637 632 628 621 613 604 597 588 579 575 571 565 559 555 549 544 538 538 530 526 518 514 511 505 500 492 490 485 482 476 470 468 462 464 459 454 460 454 449 448 452 448 443 437 439 441 440 443 
925 923 929 930 935 937 934 941 941 944 943 945 944 948 951 953 955 958 961 968 969 975 983 978 982 986 989 987 995 999 999 998 1003 1008 1014 1017 1018 1013 1005 998 993 985 983 974 965 956 951 946 940 933 924 919 913 904 899 894 889 882 877 868 860 853 848 839 833 826 821 812 803 797 790 786 779 771 762 757 750 745 739 730 724 715 709 703 702 694 685 678 669 662 654 648 642 635 627 619 613 607 601 595 587 579 572 567 563 559 552 549 542 534 533 527 519 514 509 505 501 496 488 484 481 476 470 466 463 459 457 456 451 456 450 445 443 446 443 437 433 433 435 436 442 
922 919 923 927 930 934 930 935 938 943 939 942 938 944 946 948 951 954 960 963 966 974 980 974 978 980 982 983 989 992 993 992 997 1004 1006 1010 1011 1005 999 993 985 980 974 969 963 956 947 940 934 926 920 912 907 899 894 885 880 875 869 861 856 848 841 835 827 823 814 810 802 798 789 783 774 767 759 753 747 741 734 727 722 714 707 698 694 685 679 672 664 659 654 646 639 632 625 619 612 603 598 591 585 580 572 565 557 553 548 545 538 530 526 525 520 517 509 502 497 492 487 480 474 472 464 460 461 456 454 452 448 450 446 442 440 440 436 434 429 426 429 431 436 
918 916 919 922 927 928 927 934 936 938 933 935 935 937 941 945 951 954 961 962 969 973 972 966 972 974 975 977 984 985 986 987 992 996 1000 1006 1005 1005 999 995 988 981 972 966 959 952 945 939 931 923 914 907 902 896 888 885 876 871 865 857 849 845 836 828 822 815 808 802 795 789 780 774 767 762 753 748 739 735 728 719 714 707 701 693 690 681 674 669 660 655 649 644 638 630 625 618 614 611 602 593 584 577 570 562 555 547 542 537 532 527 521 521 516 513 506 500 495 488 481 473 469 465 461 457 454 450 447 450 443 446 440 437 437 437 430 431 430 423 427 427 432 
913 912 917 924 925 923 922 928 929 933 928 930 932 933 940 942 944 950 954 956 961 967 965 961 967 969 969 973 978 980 979 982 989 993 1000 1002 998 1002 995 987 979 974 966 957 950 945 940 933 927 919 914 905 898 891 883 878 873 864 857 850 843 838 831 823 815 809 800 795 790 782 776 771 763 759 750 741 734 726 721 716 708 702 696 688 683 674 667 662 656 651 645 640 635 627 618 611 606 602 597 590 583 576 570 562 553 547 541 533 525 521 517 515 510 505 498 498 494 490 483 479 476 472 464 456 453 449 444 443 439 439 437 434 431 431 424 426 426 419 423 425 427 
908 909 915 917 922 918 917 921 924 929 925 926 925 929 933 939 937 944 947 951 959 959 960 956 963 963 963 969 972 974 973 977 982 990 994 1000 994 1000 1002 995 987 979 972 966 959 951 949 942 934 928 920 911 905 898 890 883 880 872 865 857 848 844 835 829 824 815 807 800 792 783 775 767 758 751 743 735 728 721 714 707 700 695 690 683 676 671 665 660 654 645 637 632 626 619 614 608 601 596 589 582 576 569 563 558 550 542 536 530 522 518 513 509 503 499 494 499 492 486 480 478 474 470 462 456 448 443 441 436 434 434 433 427 426 424 420 422 420 416 416 422 423 
903 903 909 914 919 913 914 921 922 922 921 919 922 924 931 933 934 940 941 949 956 953 955 952 957 959 957 961 968 966 969 976 980 985 990 994 988 992 993 995 993 984 978 970 962 954 948 943 937 930 925 918 910 905 898 890 882 876 870 865 857 849 842 834 825 817 809 802 793 785 778 769 761 754 747 738 732 726 720 714 708 701 698 689 685 678 670 666 660 653 646 641 635 627 622 613 604 598 591 585 577 570 563 558 551 542 535 530 525 519 512 506 502 496 490 492 486 482 476 471 467 462 456 448 442 438 434 433 427 431 429 423 421 419 415 416 416 413 413 420 421 
898 900 906 911 913 909 910 914 915 915 914 914 917 921 928 928 929 933 937 945 949 948 950 946 952 951 951 958 961 961 965 970 975 979 987 988 984 987 988 989 988 985 980 973 965 960 955 948 944 937 930 922 915 908 901 896 887 884 878 870 863 854 846 837 828 820 811 804 797 790 782 774 768 763 754 747 739 733 727 720 715 709 700 691 682 674 667 661 655 648 642 637 628 623 617 609 604 600 591 583 575 569 562 557 552 546 537 528 522 518 514 507 500 494 486 485 483 476 468 464 461 456 448 442 435 431 427 426 422 425 425 419 418 413 409 409 411 406 409 416 417 
895 901 908 910 907 904 907 909 909 910 908 907 912 915 922 923 923 927 931 939 942 942 948 942 950 943 947 950 957 955 958 965 973 978 983 984 977 981 981 982 983 983 976 975 969 963 954 946 941 935 930 924 917 912 904 898 890 885 879 873 867 859 851 843 836 827 818 811 803 796 789 782 773 765 759 752 745 740 736 728 720 711 704 695 686 679 670 662 653 648 641 635 627 621 612 606 599 594 587 581 575 570 566 559 550 541 534 526 520 512 508 500 492 486 482 477 475 471 466 460 456 448 442 437 432 426 422 419 419 422 422 415 413 408 406 403 406 399 405 412 413 
893 897 901 904 903 900 906 903 906 903 902 904 905 910 917 919 917 921 925 931 935 937 944 938 944 938 941 946 951 949 953 961 969 973 980 977 970 976 972 973 974 974 968 970 962 956 958 952 947 943 937 929 921 914 905 900 894 888 882 874 866 860 852 845 839 830 825 816 807 800 794 785 776 769 762 753 744 737 728 722 714 708 701 692 685 677 668 662 656 647 642 633 628 623 618 609 601 595 587 579 570 563 557 553 546 543 536 528 519 511 503 497 492 485 481 473 471 466 460 457 450 446 442 438 434 426 420 416 413 416 417 412 408 405 399 400 400 394 400 407 408 
889 896 899 898 899 894 901 899 901 899 896 898 898 903 910 912 913 921 924 931 936 933 940 934 938 933 933 941 945 944 949 957 964 971 979 974 965 969 965 964 968 968 963 961 958 950 951 957 950 945 936 927 920 911 903 897 891 882 875 869 862 855 847 838 830 824 817 809 802 794 786 780 774 768 762 755 746 740 732 726 719 713 705 696 687 681 672 665 657 649 643 634 626 620 611 603 598 590 582 574 565 556 551 545 539 534 528 522 514 505 497 490 485 478 474 468 464 460 456 455 448 444 437 431 430 425 417 415 410 413 413 406 401 398 394 394 393 391 397 404 404 
887 892 892 895 895 889 895 895 896 894 893 895 895 899 905 905 910 915 920 928 934 929 934 930 932 925 928 934 937 939 947 953 958 965 972 965 957 961 956 958 959 960 954 956 950 944 942 949 944 941 939 933 925 918 909 901 895 886 878 869 860 853 846 839 833 824 815 806 798 792 783 777 771 764 757 750 742 734 728 721 715 708 699 693 686 679 672 663 657 648 640 631 622 617 611 602 597 592 584 576 570 562 557 550 544 538 530 522 515 507 500 497 491 483 478 473 465 459 452 448 442 438 433 427 423 418 412 409 407 406 406 402 395 392 391 391 386 387 392 398 397 
884 889 885 889 888 883 888 892 891 887 888 890 890 894 899 902 908 914 922 927 931 923 928 924 924 920 922 928 929 935 941 948 955 963 963 959 950 954 949 951 954 952 949 953 945 937 933 941 937 932 932 924 918 909 902 895 888 879 873 864 856 848 841 834 825 819 812 806 799 791 782 776 768 762 756 749 741 737 729 722 715 708 699 693 685 679 671 665 657 648 643 637 628 619 610 602 595 589 580 574 566 561 552 546 537 531 522 517 508 501 496 491 485 481 476 468 463 457 452 444 440 435 435 429 421 415 408 403 400 399 401 397 390 389 385 385 382 383 390 393 392 
881 885 880 885 885 880 881 886 888 884 884 883 886 892 896 900 907 911 915 923 923 915 920 918 919 916 918 924 925 932 940 946 951 959 954 950 944 947 941 942 946 946 944 944 938 932 926 933 931 926 923 922 916 909 905 896 887 881 873 865 856 850 841 832 825 818 811 802 795 789 781 775 768 759 750 741 735 729 723 716 707 700 691 685 679 673 664 657 649 642 636 629 623 614 607 598 594 587 579 570 561 554 548 542 535 529 522 516 509 502 497 489 485 479 472 468 462 455 447 442 435 431 427 422 420 412 405 399 395 395 394 392 387 384 381 379 378 378 385 388 385 
875 878 876 882 878 877 877 880 884 881 878 878 884 890 894 900 904 908 912 917 915 911 913 911 911 908 910 918 918 925 933 938 946 952 947 943 936 938 933 937 937 940 935 938 930 926 921 926 927 920 916 917 911 903 897 891 882 877 868 865 859 851 844 838 830 824 815 806 798 791 785 777 771 765 757 750 742 734 725 716 707 701 693 686 677 669 662 655 646 637 628 620 614 605 598 590 585 578 570 565 556 548 543 538 530 524 516 508 503 498 493 488 479 475 469 461 455 449 443 438 435 431 425 418 416 410 404 397 392 389 388 387 385 382 377 376 374 375 380 384 382 
872 871 871 875 871 870 873 879 881 878 872 875 880 883 887 895 902 910 917 916 913 906 908 905 904 902 904 911 914 920 926 930 939 947 939 934 927 936 927 929 930 934 928 929 922 923 914 923 921 914 908 908 902 896 890 882 876 870 862 856 851 845 841 836 827 820 811 803 797 790 782 776 769 761 752 746 738 730 724 716 708 701 692 685 679 675 667 659 654 646 637 628 622 613 604 597 590 581 574 568 563 554 551 544 539 530 522 513 507 499 494 485 477 471 466 461 453 447 442 434 430 423 419 414 410 406 402 394 388 384 385 381 378 379 373 370 369 372 374 381 379 
868 868 865 871 864 866 869 872 874 874 869 874 876 882 888 894 902 910 913 908 909 902 903 899 898 898 900 907 907 913 921 923 930 938 934 925 919 927 922 924 924 927 922 920 916 915 908 915 915 908 900 900 897 897 891 883 875 868 859 850 844 838 832 829 821 815 806 801 792 783 776 769 762 756 750 741 734 727 719 710 701 693 687 679 673 667 660 653 645 637 631 623 615 607 600 592 586 579 573 567 558 549 543 536 530 521 514 509 504 498 490 484 479 471 469 462 456 452 444 438 431 423 419 414 409 401 397 391 385 379 381 376 371 374 368 363 366 367 371 374 372 
865 865 862 866 861 862 864 867 870 872 866 869 873 880 888 891 898 903 906 901 901 898 903 895 894 892 895 903 899 907 915 918 924 931 925 921 914 918 915 918 918 921 916 913 911 910 901 907 909 903 894 891 890 889 885 880 873 865 856 847 839 832 826 820 814 806 800 793 787 779 774 767 758 752 744 735 727 718 712 706 702 695 686 678 669 662 656 647 640 632 625 618 610 602 594 585 578 573 566 561 553 547 539 530 523 518 509 503 497 491 484 478 472 466 462 459 454 446 440 434 426 421 416 409 402 396 389 385 381 376 374 369 366 368 365 360 362 362 365 367 367 
861 865 859 860 855 859 861 866 866 865 862 867 869 873 880 886 891 897 904 897 895 893 898 891 890 884 889 895 895 902 909 912 919 926 920 913 909 913 910 911 912 918 911 907 903 902 895 904 901 896 888 885 883 880 876 877 868 860 851 842 835 830 821 812 806 801 792 786 779 773 766 759 752 743 735 728 719 713 707 700 693 687 680 671 663 655 649 640 632 625 616 610 602 593 587 581 572 566 557 552 547 547 542 534 528 522 515 507 499 491 486 480 474 466 458 453 449 444 437 432 426 421 413 408 402 395 390 382 377 372 367 365 360 363 360 357 355 358 361 362 362 
858 858 856 853 851 853 856 859 863 859 858 860 864 867 873 878 884 889 896 893 889 889 890 886 886 880 882 890 891 896 901 906 914 921 915 907 900 907 905 906 906 910 904 901 896 895 889 896 892 891 882 878 877 871 869 868 861 852 844 837 828 822 814 805 798 792 786 780 771 765 759 753 747 741 735 727 720 711 702 694 688 681 675 667 660 653 645 637 628 621 615 608 599 591 583 577 568 561 556 548 542 539 540 533 524 516 509 503 495 488 480 474 468 462 453 447 442 437 431 426 420 419 413 406 400 393 387 381 373 366 363 359 356 359 357 354 351 358 360 355 355 
855 855 853 849 845 848 851 855 857 854 854 856 859 866 873 877 883 889 894 887 883 881 888 882 881 874 878 882 884 891 896 901 905 913 909 904 895 902 898 899 901 901 899 892 888 888 882 888 886 882 875 870 869 865 860 860 862 857 849 842 836 829 820 813 805 799 794 788 779 773 766 759 750 741 733 724 717 708 699 691 682 676 669 663 656 647 641 633 626 619 613 606 598 592 583 574 566 557 548 542 537 532 531 526 520 511 503 500 494 487 479 472 465 459 450 443 436 431 426 424 416 412 407 400 393 386 382 376 371 364 359 357 353 355 358 352 347 353 353 351 352 
849 852 850 849 842 844 851 856 856 851 848 853 856 860 868 875 875 882 890 883 877 876 883 875 873 870 872 875 878 883 891 898 899 904 902 898 889 893 891 894 896 892 893 887 883 880 874 879 879 874 868 862 860 858 853 852 855 849 844 841 843 838 829 820 814 807 799 790 782 773 764 756 749 741 734 727 718 709 702 693 687 680 671 664 656 650 644 635 626 617 610 601 593 586 579 571 564 555 546 541 532 527 524 518 511 503 495 493 486 482 475 466 460 454 446 438 433 429 421 417 416 408 403 395 390 383 377 372 365 362 356 356 350 349 353 347 343 349 350 348 348 
843 846 845 842 839 841 845 850 850 847 845 847 852 856 863 867 871 875 882 880 873 868 876 869 867 866 864 867 874 880 886 890 893 896 895 893 884 886 885 886 891 884 886 879 878 872 867 873 872 869 860 856 854 849 844 845 846 843 836 835 835 829 822 816 808 799 792 784 775 767 760 752 745 737 728 721 713 705 698 690 681 675 666 659 653 644 636 627 619 613 604 595 588 581 573 564 555 548 541 534 528 520 515 509 502 497 490 484 478 473 468 462 453 445 440 437 429 423 419 413 408 402 396 390 389 382 375 368 360 354 350 350 346 346 349 343 337 342 343 342 341 
837 841 840 842 836 838 842 849 844 841 840 843 850 855 858 864 872 877 878 875 867 863 870 862 859 858 860 862 869 873 878 885 884 888 886 884 877 878 878 880 882 875 879 873 870 866 860 867 864 860 854 848 848 843 837 837 840 835 830 828 826 825 819 810 803 794 787 780 772 765 758 751 742 735 726 719 712 705 696 689 680 671 664 655 649 641 633 625 618 610 603 597 589 582 573 564 558 551 545 538 532 527 519 512 503 495 487 482 477 468 462 456 450 443 434 429 425 420 412 408 401 398 390 386 382 377 371 364 360 353 346 343 340 342 343 337 334 338 339 339 336 
832 837 835 835 831 833 840 842 840 836 835 839 845 849 854 860 865 872 873 868 861 857 862 858 852 853 854 855 861 868 873 878 879 880 881 881 872 873 872 874 879 870 871 866 864 861 852 860 858 854 848 839 839 836 828 829 833 828 823 820 819 817 810 811 802 798 790 782 776 768 759 750 743 734 727 718 711 704 696 687 678 669 660 651 643 637 633 628 621 612 607 598 590 585 577 571 564 555 547 542 535 526 523 515 509 500 492 484 477 468 461 456 449 444 436 427 419 415 408 400 396 395 388 384 383 375 369 362 357 350 344 340 337 335 339 332 329 331 336 337 330 
826 831 828 829 828 828 834 835 834 833 830 834 839 844 846 853 858 866 867 860 854 850 855 850 845 846 848 847 855 863 870 870 870 873 876 873 866 864 867 866 874 865 864 858 856 852 846 853 851 847 842 833 831 827 821 821 826 820 816 811 810 811 803 802 795 789 783 775 767 761 753 744 737 729 721 712 703 695 688 679 670 663 655 646 638 631 627 619 613 605 599 592 584 578 572 564 556 548 541 536 527 520 518 510 502 493 488 481 475 470 462 453 447 440 431 427 419 411 404 397 391 388 383 380 376 370 363 359 355 348 342 336 331 329 334 328 324 325 331 330 326 
823 824 825 823 823 824 831 828 830 828 827 833 831 836 842 850 853 859 860 853 849 845 850 844 840 838 840 842 851 858 866 863 865 867 869 866 860 858 860 860 865 858 858 850 848 846 839 844 845 841 834 826 823 820 815 814 817 811 807 804 802 802 795 795 788 782 776 769 760 753 745 738 731 722 714 706 699 693 684 677 668 660 652 643 634 625 618 612 604 600 592 584 576 571 565 556 548 539 533 528 520 512 513 504 497 488 479 474 468 461 453 445 439 431 425 419 411 403 397 393 385 384 379 374 369 364 358 353 349 341 337 329 328 324 328 324 319 322 324 325 323 
818 821 820 818 817 821 825 824 826 824 823 827 827 831 838 843 846 852 855 850 844 840 844 839 836 830 834 836 843 850 859 856 856 858 862 857 851 852 852 852 857 850 852 843 841 837 831 837 838 834 827 820 817 811 807 805 810 802 800 795 794 793 787 787 780 774 769 761 754 746 739 732 725 717 710 701 692 684 675 668 660 652 643 635 626 619 610 603 597 591 584 575 568 562 556 548 544 536 527 520 512 506 505 497 489 485 477 468 461 456 450 443 435 428 419 412 406 402 394 386 381 379 371 368 364 359 353 347 342 338 334 326 328 321 321 319 315 318 321 321 320 
811 815 816 815 812 815 818 821 821 818 817 821 822 828 834 838 842 845 849 847 842 836 840 835 830 824 826 828 836 845 850 849 847 851 855 850 844 847 844 844 849 845 844 836 834 832 825 831 831 825 819 813 809 802 798 797 802 796 791 787 786 786 779 778 773 766 760 755 750 741 736 728 719 710 703 695 687 680 671 662 654 645 638 631 624 616 610 603 596 589 581 572 566 557 549 542 535 529 522 513 507 500 496 489 481 479 471 462 456 451 443 437 428 424 415 407 402 396 389 382 376 371 367 367 359 355 349 346 340 335 328 322 321 318 314 313 312 319 320 318 317 
805 811 813 812 809 810 815 817 815 813 811 815 817 822 826 830 834 840 846 839 840 832 832 828 824 819 818 823 832 841 843 841 840 845 847 844 837 838 837 835 843 836 836 827 828 823 818 824 822 817 813 806 803 796 790 789 793 789 783 780 777 778 772 771 764 757 751 748 741 734 727 720 713 704 697 689 681 674 668 660 651 642 635 627 618 610 601 594 588 582 575 569 562 555 546 540 531 522 513 507 501 493 487 481 474 470 464 456 450 444 436 429 423 418 410 404 397 390 386 380 372 367 363 362 358 352 344 338 333 329 326 319 318 311 308 310 309 313 313 312 310 
799 806 807 807 806 803 809 813 812 807 805 808 812 816 824 832 836 840 839 833 832 826 827 827 821 815 813 822 825 832 835 833 833 839 838 838 831 833 830 826 835 830 827 821 821 817 812 817 814 809 807 799 796 790 783 780 786 782 776 773 768 769 765 762 755 748 742 739 734 733 726 717 710 701 692 683 674 666 660 653 645 636 631 623 615 606 597 588 581 574 567 562 557 551 543 534 529 521 512 503 494 488 481 474 468 464 455 452 446 439 435 428 421 419 410 403 395 388 384 378 370 365 358 354 350 344 336 337 330 325 319 314 311 312 305 304 304 306 308 307 304 
796 799 802 803 805 800 802 808 806 802 800 802 807 812 817 825 831 836 832 828 826 820 820 819 813 811 809 814 820 828 826 827 824 830 833 831 826 827 825 821 829 822 822 815 815 809 803 809 805 802 798 792 788 782 774 771 777 774 767 764 761 762 756 754 748 740 733 732 725 725 718 711 702 693 685 676 667 658 651 644 637 628 622 614 607 601 592 584 577 568 561 554 548 544 535 527 520 514 505 499 490 483 476 470 461 456 449 444 438 433 427 421 414 411 404 399 390 382 377 370 363 360 355 350 343 339 331 330 323 320 320 314 307 307 302 298 301 299 302 305 299 
792 796 798 799 801 796 799 805 800 798 796 797 803 807 811 819 827 833 829 821 820 815 816 816 808 807 801 806 812 819 819 820 816 822 826 823 821 820 819 814 820 817 813 807 809 802 794 803 796 793 791 785 779 773 766 765 769 765 759 757 752 753 748 746 743 734 725 725 718 716 709 702 693 685 678 669 660 653 645 637 629 620 614 605 599 592 584 577 568 562 554 548 542 535 527 522 516 510 502 493 487 480 474 468 465 457 449 442 435 432 423 416 408 403 396 390 385 378 372 366 358 353 349 345 338 333 327 325 318 315 313 307 302 303 299 295 296 292 297 300 296 
787 790 794 793 795 790 794 798 793 792 791 793 801 799 805 812 819 825 822 815 816 809 812 810 803 803 796 805 805 813 810 812 807 813 818 816 813 813 812 809 815 809 806 801 800 795 787 796 787 784 784 780 772 766 760 757 761 758 752 750 744 745 739 737 735 727 718 718 709 708 701 694 687 678 669 662 653 644 637 628 621 613 606 598 591 583 576 569 565 558 549 543 536 527 521 515 509 503 497 491 485 476 469 463 457 449 444 439 430 425 417 409 404 396 391 384 378 378 370 364 359 354 350 345 337 331 323 318 314 308 309 302 299 297 292 289 290 287 290 293 292 
784 783 788 789 790 787 790 791 790 786 784 786 793 794 801 809 814 819 817 810 808 804 808 803 799 796 790 796 800 805 805 806 801 805 810 809 805 807 806 802 806 802 797 792 794 788 780 787 781 776 776 773 764 758 753 748 754 749 745 743 735 736 731 729 727 720 711 709 702 702 693 689 680 671 665 656 648 640 632 624 618 610 602 593 585 577 570 562 559 550 545 536 529 526 519 511 505 499 491 484 479 470 462 455 448 446 439 433 425 421 414 407 399 392 386 381 374 375 369 361 353 348 345 337 331 325 321 319 311 303 303 296 294 291 286 286 286 282 289 287 287 
781 780 783 782 786 784 783 787 783 780 779 780 785 790 796 803 808 812 812 805 801 800 804 796 791 789 784 791 791 799 796 800 792 796 802 803 797 800 797 794 800 799 791 786 785 781 772 781 772 767 770 764 758 752 747 739 745 742 736 734 728 729 724 722 721 712 704 702 695 693 685 680 672 664 657 649 640 632 624 616 609 601 593 584 577 570 563 556 550 544 538 532 523 517 511 504 497 490 484 477 473 464 457 448 443 438 432 426 418 412 406 405 396 387 381 374 368 369 361 356 351 344 340 332 326 322 315 311 306 299 295 293 291 287 282 279 283 279 283 282 282 
777 776 780 779 783 780 778 780 779 777 775 775 779 785 790 796 802 806 804 798 797 792 797 789 787 782 778 782 786 795 791 791 783 791 797 794 789 791 790 786 791 792 784 780 777 772 766 774 766 758 762 756 751 745 738 733 741 735 729 725 719 722 715 713 712 706 697 697 688 687 678 672 667 660 651 644 637 629 620 611 604 596 588 581 575 567 558 552 548 541 534 527 523 514 507 498 492 483 477 470 464 456 452 443 439 440 434 426 417 408 401 396 390 383 375 370 364 363 362 357 349 343 335 329 327 319 314 307 306 299 291 287 285 286 279 275 278 276 280 279 279 
773 772 776 775 776 777 774 774 775 773 770 771 777 783 788 792 795 799 796 790 790 787 789 784 780 778 770 776 781 788 782 784 778 785 793 791 784 782 782 778 786 785 776 774 769 763 757 765 757 750 753 747 744 737 730 727 733 726 721 717 711 714 707 705 705 697 688 690 681 678 669 663 662 654 645 638 631 622 615 607 598 590 583 574 566 559 552 546 540 534 526 519 517 508 499 493 487 481 473 466 458 450 446 438 433 434 425 417 410 405 396 391 383 375 375 367 358 356 355 349 342 340 332 324 319 316 308 302 298 292 288 281 278 279 274 268 271 269 276 274 274 
766 765 772 772 770 770 770 769 770 766 764 767 771 779 787 793 791 791 794 786 785 782 783 777 772 771 766 771 779 779 777 778 773 780 785 782 775 775 773 772 778 776 768 765 762 757 750 757 750 743 746 739 736 729 722 720 724 719 712 709 703 707 698 698 697 688 680 681 674 669 661 655 653 646 638 629 625 617 608 601 593 585 576 569 561 556 548 543 534 529 520 513 510 505 497 489 482 473 467 458 452 443 441 434 427 426 420 413 406 399 391 384 377 368 367 359 350 349 347 341 336 333 327 321 314 309 306 299 292 288 283 281 275 274 271 264 271 265 269 271 271 
759 761 765 768 767 765 767 765 766 763 761 767 773 780 784 785 783 783 788 780 779 775 780 775 768 768 760 768 773 770 772 774 766 772 779 775 769 769 765 767 769 770 762 756 756 750 744 751 744 736 741 733 727 722 714 713 717 711 703 702 695 699 690 690 689 682 673 675 666 660 652 646 644 638 630 622 616 608 603 596 587 578 571 562 554 547 541 534 528 520 513 507 503 496 489 481 474 468 460 451 446 438 432 428 421 417 414 405 400 392 386 380 372 363 358 353 344 344 339 333 329 328 322 317 312 304 300 295 290 283 279 274 271 267 265 259 265 261 264 267 265 
755 758 762 765 764 761 760 762 764 757 758 762 770 777 781 779 775 775 783 776 774 770 774 771 764 760 756 760 769 764 764 767 761 763 770 769 764 760 760 760 763 765 756 750 748 744 738 744 738 730 732 726 719 714 706 707 708 702 694 696 688 690 682 682 682 674 666 666 659 651 645 638 637 630 622 615 609 601 596 587 580 571 565 558 549 540 537 530 524 517 508 501 495 489 480 474 467 461 453 445 437 430 425 420 415 408 406 400 394 386 381 373 368 359 351 344 338 336 333 328 324 321 316 312 311 303 297 290 288 281 277 272 269 262 261 254 258 258 260 261 259 
749 755 756 763 761 758 755 757 758 751 751 757 762 769 773 771 768 771 778 772 769 763 766 770 762 757 750 755 762 756 758 760 753 757 762 768 759 755 754 754 754 757 752 744 741 735 732 736 730 721 724 717 710 707 699 699 701 693 687 689 680 681 673 674 676 667 659 657 652 643 640 631 628 621 615 607 601 593 588 580 571 563 556 549 542 534 530 524 516 509 505 497 488 481 474 470 461 456 449 440 433 430 427 420 411 403 398 391 386 381 374 365 360 351 346 340 332 328 330 325 317 318 311 307 303 299 291 285 283 278 273 266 263 258 256 250 252 252 256 258 253 
745 751 753 756 756 759 752 754 754 747 745 751 755 761 765 767 763 765 771 767 764 759 759 762 757 754 746 751 756 749 749 752 746 751 754 762 753 750 745 748 748 751 746 738 732 726 726 727 721 714 718 710 703 698 691 691 695 686 679 680 673 673 666 667 667 659 652 650 643 634 631 623 619 612 607 600 595 586 580 572 565 558 551 544 536 528 522 516 511 503 497 488 481 477 468 462 455 447 441 435 426 425 419 412 409 403 397 389 383 376 367 358 351 346 343 336 327 323 326 320 313 316 311 305 299 293 285 280 275 271 266 263 258 253 252 247 249 246 250 251 246 
741 744 749 753 750 755 749 750 749 743 740 745 749 756 759 759 758 760 764 760 757 754 751 754 750 748 742 746 750 744 744 746 738 747 746 753 744 742 739 743 742 742 737 733 727 720 720 718 713 707 710 703 697 691 684 683 686 680 673 672 666 665 658 658 660 651 645 642 634 625 623 616 612 605 599 591 586 578 571 565 559 550 543 535 529 523 516 508 503 495 488 481 475 468 462 458 451 447 438 430 421 418 412 404 402 394 388 381 377 369 363 354 348 340 339 331 323 318 320 315 309 312 304 298 292 285 279 273 269 264 262 260 255 248 245 242 245 242 245 246 241 
734 740 746 750 746 748 743 744 744 740 736 740 747 750 754 751 754 756 756 752 749 746 746 751 746 740 738 740 742 738 735 740 731 738 738 744 738 736 732 738 734 739 732 725 719 713 711 710 706 700 702 694 693 686 677 677 680 671 665 668 659 658 649 651 651 644 638 633 625 618 615 609 603 596 592 583 577 572 564 558 553 547 539 530 524 515 511 502 495 488 481 476 469 460 454 450 442 438 431 423 414 410 403 398 395 388 382 376 369 362 356 349 342 335 332 324 320 314 312 312 304 307 302 294 289 284 279 271 263 257 255 256 252 245 241 239 239 237 240 239 237 
728 735 740 744 741 743 739 739 743 738 733 738 743 745 749 745 750 750 752 748 745 742 740 743 740 734 733 734 735 730 729 731 725 733 733 739 732 728 725 731 726 731 723 718 711 707 705 703 699 691 693 687 684 677 668 670 672 667 658 660 651 650 641 644 644 635 629 624 618 610 606 600 596 589 583 576 570 566 557 551 546 539 530 523 518 509 504 497 490 482 474 467 461 453 448 442 435 430 423 415 408 402 399 393 387 380 377 368 366 359 351 345 337 329 323 316 312 309 307 304 297 299 296 290 285 279 275 268 260 252 248 253 247 241 236 234 236 231 235 232 231 
722 729 733 739 736 736 736 736 737 733 727 733 737 737 741 740 743 744 747 744 741 738 732 736 734 730 729 728 728 724 724 723 718 724 724 730 727 722 719 723 721 722 714 709 704 699 696 697 691 683 685 678 677 668 662 664 663 660 652 651 642 641 633 636 635 627 621 615 612 603 599 592 587 580 576 567 561 557 548 542 539 532 524 517 510 503 497 488 483 475 468 461 453 447 439 434 429 422 414 406 404 397 392 389 380 373 368 362 357 351 342 340 335 326 320 314 307 301 299 298 290 292 288 283 279 272 267 263 256 253 245 247 244 239 232 229 229 227 228 225 228 
718 724 729 732 729 733 729 729 734 727 722 727 732 732 735 734 738 738 742 739 736 732 728 729 729 723 721 722 721 718 716 718 712 717 718 724 719 715 712 716 713 716 713 704 697 691 688 688 682 676 676 672 668 663 656 656 655 652 644 642 634 634 626 628 626 620 614 608 603 594 592 583 579 573 568 560 553 549 540 535 530 525 521 513 505 496 489 481 475 467 460 455 448 440 433 426 420 414 409 401 396 391 386 384 376 369 363 356 350 342 336 331 326 321 312 306 304 296 292 290 285 284 281 277 271 264 259 256 250 246 241 244 241 235 229 226 225 224 222 221 226 
715 717 723 728 725 726 723 725 727 722 719 723 726 724 731 726 731 733 737 733 730 728 723 723 723 717 717 714 715 713 709 712 704 708 709 716 710 710 706 709 705 711 706 698 693 685 679 680 674 667 669 664 660 655 648 647 646 647 638 634 625 627 620 622 619 611 607 599 595 587 584 576 572 565 560 553 546 540 533 528 524 516 512 506 498 492 483 475 468 461 454 448 442 433 425 419 412 406 400 395 387 388 381 379 373 364 360 354 346 341 336 328 322 313 308 302 298 292 288 286 281 280 275 272 268 262 255 251 248 242 235 237 236 233 228 223 222 218 216 214 220 
712 714 720 726 721 721 716 719 722 717 715 719 721 719 725 719 724 727 734 729 723 723 715 718 715 712 710 709 710 704 701 705 696 702 701 708 704 703 700 702 697 702 699 693 687 678 673 677 668 661 660 656 654 647 640 638 637 640 631 625 618 622 614 614 611 605 598 591 586 580 577 569 565 558 551 545 538 533 527 522 515 510 503 500 493 484 477 471 465 457 449 443 436 431 422 417 411 402 393 387 382 379 375 374 365 357 352 346 343 335 327 323 318 313 304 302 294 287 283 282 277 273 269 264 261 255 249 245 244 238 231 231 230 226 221 216 221 215 210 211 213 
706 711 717 722 717 719 713 718 715 712 712 717 715 715 717 715 720 720 726 724 719 715 711 710 709 706 706 702 702 696 692 699 691 696 692 699 697 694 692 698 691 693 691 686 678 673 667 668 661 653 654 648 646 640 631 631 631 631 624 618 612 614 608 605 605 600 594 585 581 573 572 563 557 550 545 541 532 526 520 516 507 502 496 494 486 477 474 465 457 448 442 435 429 424 415 409 403 396 389 384 376 371 369 365 358 351 345 337 334 326 321 317 310 306 298 295 292 286 279 274 276 269 261 260 256 250 245 241 236 232 226 224 225 219 215 213 214 209 206 208 207 
703 706 711 715 711 715 710 715 715 709 707 710 711 710 711 709 714 715 718 717 712 712 707 706 703 701 698 695 694 690 686 690 683 691 685 690 690 687 686 691 686 688 683 680 671 665 660 659 652 646 649 642 637 631 625 623 623 624 619 612 606 608 600 599 599 594 587 579 573 567 563 557 552 543 538 534 528 519 513 507 501 495 489 486 477 471 465 457 450 443 437 429 423 419 411 405 399 396 387 382 375 366 360 359 352 346 340 332 327 321 313 308 304 298 292 288 286 279 272 267 270 265 257 254 253 250 243 239 233 227 222 217 221 216 210 210 212 207 202 202 202 
700 705 712 712 707 710 705 711 709 706 703 707 708 706 704 701 707 709 712 709 706 705 702 701 698 695 694 691 688 686 681 683 678 682 680 682 681 680 679 685 679 680 677 672 665 658 654 650 646 640 642 634 628 625 618 614 617 617 612 605 600 599 594 593 590 587 578 571 564 559 556 550 543 536 532 527 521 513 507 506 498 490 483 477 469 466 461 452 449 440 431 423 417 410 404 399 394 387 381 376 369 364 355 350 349 341 333 327 321 315 308 301 295 292 284 284 278 272 269 263 263 259 253 246 249 245 243 235 227 222 219 214 214 210 207 206 206 201 199 196 197 
696 699 705 707 701 704 702 706 704 699 696 701 703 703 701 694 700 704 706 702 699 699 694 695 694 687 687 685 682 680 676 674 673 674 671 676 673 675 674 681 674 671 670 666 660 652 646 641 638 632 637 628 620 620 611 605 609 608 606 599 593 592 585 584 584 579 573 565 558 553 549 543 535 528 526 519 514 510 501 500 491 482 479 472 463 458 453 446 440 432 426 421 413 407 398 395 390 382 376 372 364 356 350 344 340 336 332 323 314 308 303 298 290 285 280 278 275 267 262 258 259 253 247 242 242 237 237 231 223 222 215 210 207 207 204 202 199 198 195 191 190 
692 695 698 703 698 697 696 699 698 693 691 695 698 698 695 690 697 696 699 696 693 692 688 690 687 682 682 678 677 675 672 669 667 668 664 667 666 666 668 673 668 663 661 666 658 649 644 636 634 626 628 620 613 611 604 596 600 602 599 593 585 584 579 576 578 571 566 558 549 547 540 535 529 521 517 513 508 503 495 493 484 476 474 466 457 451 447 441 434 426 420 415 409 400 392 386 384 376 368 365 357 349 344 338 332 330 324 318 312 303 296 290 282 277 275 274 268 264 261 253 254 247 244 237 237 230 229 225 220 219 213 211 204 201 200 196 192 194 192 185 184 
688 691 697 698 693 690 692 693 691 687 688 692 694 695 689 686 691 689 692 692 687 685 683 683 679 678 676 670 669 670 666 664 661 661 655 662 659 657 661 664 666 657 652 658 649 643 636 627 627 620 624 615 607 604 596 589 591 595 593 587 579 575 571 570 570 565 559 550 543 543 534 528 522 514 508 506 499 496 488 486 477 470 466 460 452 443 442 434 427 419 413 407 400 391 387 380 377 369 361 356 351 344 339 331 326 322 316 309 303 295 293 285 280 272 268 269 261 257 256 248 247 242 237 231 231 226 221 217 214 212 208 205 202 197 199 194 189 189 186 180 180 
685 689 691 691 692 687 689 686 689 682 684 690 687 690 684 680 684 683 684 684 682 678 678 680 674 671 668 663 665 666 660 658 655 654 649 656 651 651 652 655 657 649 645 649 642 634 630 622 621 613 615 608 601 595 590 581 582 587 585 581 572 566 562 564 563 558 553 546 537 536 528 521 515 506 502 499 491 488 481 477 469 461 457 451 445 437 433 427 418 412 407 398 391 386 381 374 370 365 358 349 343 336 331 323 318 313 308 302 296 290 286 279 275 271 264 262 255 252 248 243 240 236 229 226 227 226 220 216 211 210 208 203 200 194 196 192 185 183 179 175 176 
682 688 687 686 685 684 688 683 682 679 679 683 683 687 683 677 683 678 680 677 678 673 673 673 666 667 664 657 660 662 656 651 650 649 640 648 644 644 645 650 648 642 638 643 634 628 623 615 616 608 608 600 594 588 584 575 575 581 576 572 564 558 556 556 557 551 545 537 530 530 521 516 508 500 494 493 484 479 474 469 462 454 451 442 437 430 426 421 412 406 400 395 387 382 378 369 366 362 356 348 341 334 329 322 315 310 303 299 291 283 279 273 269 264 260 255 251 248 244 238 232 229 223 220 220 218 218 214 207 203 204 197 195 188 190 185 180 177 176 172 173 
680 684 681 679 679 680 683 680 680 675 676 677 680 684 677 674 675 672 672 671 672 665 667 670 662 662 657 652 654 657 653 647 646 643 635 644 639 639 639 641 640 635 632 634 626 620 615 609 607 602 599 593 587 582 577 568 566 575 568 563 557 551 547 550 548 545 537 529 522 521 514 507 502 493 488 486 478 471 465 462 455 448 442 436 431 424 417 412 405 399 394 387 381 374 370 363 361 357 348 339 333 325 322 316 310 307 298 291 285 277 273 268 267 260 255 252 246 242 239 234 228 222 219 216 215 211 210 207 204 197 200 193 191 184 186 182 175 171 172 166 168 
678 679 678 674 672 675 681 676 677 672 672 673 678 677 673 671 673 667 667 666 666 658 661 662 657 655 651 647 649 652 646 643 639 635 630 637 634 632 633 636 633 630 627 627 619 613 607 600 599 596 591 586 581 576 569 561 559 566 561 554 551 545 539 542 541 538 529 525 516 514 508 500 493 487 481 481 473 464 457 456 449 441 434 428 423 415 410 407 401 393 387 379 375 368 365 358 354 350 342 334 327 318 319 312 304 302 293 284 277 272 266 262 262 254 250 250 243 237 232 230 223 215 211 209 213 206 206 203 198 191 193 190 186 181 180 178 174 168 168 162 162 
674 676 671 667 669 669 674 673 675 668 669 669 676 671 670 666 667 661 659 661 661 654 653 654 649 651 646 640 643 647 640 637 632 633 625 629 625 627 625 630 625 625 621 619 613 606 602 595 593 587 586 582 576 567 561 554 550 558 554 546 545 538 532 533 534 529 521 517 508 509 503 498 490 482 474 473 467 458 451 447 443 438 429 420 414 409 404 401 395 387 380 372 369 361 356 350 348 341 335 327 320 313 311 305 299 293 287 280 274 266 262 258 254 247 244 242 238 236 228 226 220 212 206 203 207 200 203 197 191 187 189 184 182 176 174 172 167 163 165 159 159 
672 670 667 664 666 665 667 670 670 663 662 663 669 667 667 661 660 656 653 654 653 649 647 650 645 643 640 634 639 640 636 634 627 626 621 622 616 618 618 621 618 617 612 611 606 597 594 588 589 580 579 573 568 563 557 549 545 549 545 540 538 532 526 524 525 521 512 508 499 501 496 489 482 476 467 465 458 451 443 441 434 429 421 416 408 403 396 394 388 384 376 367 360 353 351 344 339 333 327 320 315 307 302 299 295 286 280 273 266 261 256 251 251 243 238 240 233 229 224 218 212 207 200 197 201 197 196 194 189 184 182 177 178 173 169 168 161 157 159 154 152 
668 664 662 661 661 661 663 664 663 659 655 659 665 660 660 657 658 653 646 647 646 645 642 643 639 636 632 629 637 633 628 626 621 620 616 617 609 613 611 612 612 609 607 605 598 589 588 582 581 575 570 564 559 557 548 540 536 541 542 534 532 525 520 518 517 515 506 500 493 493 487 481 473 467 461 457 449 442 437 432 426 422 415 409 403 400 391 389 380 377 368 361 354 346 345 340 333 327 320 313 311 303 294 293 287 280 273 268 261 255 251 247 243 238 233 238 231 223 216 212 206 200 196 192 194 193 189 188 183 178 178 173 171 166 165 163 159 153 153 150 146 
662 660 659 655 656 656 660 658 657 658 652 655 661 656 657 653 652 648 641 640 641 638 638 636 633 630 626 625 629 626 622 618 614 615 611 611 603 608 603 603 604 603 599 596 591 583 583 576 576 571 565 559 554 548 540 533 528 535 534 528 526 519 512 511 511 506 500 491 485 487 484 475 469 461 454 448 441 435 428 426 419 419 410 407 398 394 386 382 375 370 362 356 347 341 336 334 327 320 315 308 303 297 288 287 285 276 267 265 266 259 252 246 242 235 229 233 227 220 213 209 204 200 193 186 188 191 186 184 178 171 172 167 164 160 158 157 152 148 149 143 141 
662 657 654 651 650 652 654 653 651 651 649 652 654 653 650 647 645 641 636 632 635 631 632 629 625 624 618 619 623 621 618 611 610 608 605 603 599 600 597 596 597 597 590 588 583 578 578 571 567 565 556 553 546 541 538 532 523 528 532 523 517 514 506 503 504 497 491 484 478 479 477 468 462 455 450 441 436 431 422 418 414 410 402 399 391 386 379 374 370 367 359 350 343 335 329 325 319 314 308 301 298 290 282 280 279 270 263 258 259 252 246 242 237 229 225 225 219 213 208 204 198 192 185 181 183 185 180 177 172 168 168 165 162 156 155 155 152 145 142 139 136 
659 654 649 647 645 647 649 646 645 645 646 645 647 647 645 640 643 638 634 628 630 627 626 623 619 616 610 611 617 615 611 607 603 603 597 599 594 594 592 591 591 592 583 585 576 570 570 566 561 560 551 546 539 536 530 523 518 526 523 515 508 510 501 498 496 493 484 481 473 471 468 464 457 448 444 438 433 424 417 412 407 404 397 392 388 379 376 368 361 359 350 343 337 331 324 318 313 307 302 295 291 284 277 275 270 265 260 254 252 248 242 234 231 227 221 217 214 210 204 199 195 187 184 178 177 180 175 173 169 162 161 160 155 153 151 155 153 148 142 137 132 
657 654 651 645 642 644 648 642 639 640 643 640 643 641 639 635 638 633 628 625 622 621 622 621 614 613 606 605 609 612 604 601 597 597 593 596 590 589 584 585 582 584 577 576 569 565 562 558 553 551 545 540 533 531 525 518 512 518 514 506 502 502 494 491 489 484 477 473 468 464 462 456 451 443 436 432 426 421 414 405 402 395 390 385 382 373 368 362 356 353 348 344 338 333 325 316 307 302 296 290 285 279 272 267 262 257 253 249 247 243 236 229 225 224 217 209 208 205 202 194 188 182 180 174 171 174 168 166 163 157 155 154 151 148 145 150 147 142 135 135 130 
653 650 645 643 637 641 645 639 636 633 639 636 643 636 637 630 634 627 625 621 616 614 614 614 608 606 602 599 604 605 599 594 591 590 588 588 583 584 578 581 575 579 570 570 564 558 555 553 548 548 540 535 528 524 520 513 506 514 506 500 495 498 489 484 483 475 472 470 462 456 455 451 447 440 431 423 417 413 409 400 394 388 383 378 374 370 362 355 349 344 339 335 330 326 321 315 306 298 292 283 278 273 267 261 260 255 251 245 243 239 234 226 221 216 210 205 202 197 194 186 181 177 178 172 166 167 163 160 157 151 151 150 150 145 141 147 141 136 132 131 128 
647 645 640 637 633 636 640 639 636 629 636 630 636 630 632 625 627 624 621 616 612 611 607 607 601 598 598 594 600 598 593 587 584 583 584 582 579 576 573 573 571 571 564 561 556 552 546 545 539 539 532 526 521 516 512 507 501 505 498 493 490 490 485 478 475 468 463 461 459 451 450 445 438 432 424 417 411 408 401 393 386 381 377 372 367 363 354 348 345 339 332 330 324 317 312 306 297 291 286 279 271 266 262 257 253 248 247 241 239 234 226 221 217 209 202 198 195 192 187 185 178 171 171 166 163 162 157 158 153 147 146 147 144 142 136 141 135 132 128 128 126 
644 642 637 632 627 633 638 633 629 626 633 626 631 625 629 622 623 620 618 613 609 609 602 601 594 591 590 589 595 591 588 583 578 576 578 574 573 571 569 569 564 563 559 553 547 543 541 539 530 532 525 520 515 511 505 503 496 500 491 488 483 484 476 472 470 464 458 456 451 444 445 437 431 427 421 412 405 400 392 387 385 376 368 363 360 355 347 343 336 331 326 325 320 314 310 304 296 292 287 278 273 267 260 256 248 244 240 236 235 227 222 214 210 208 200 193 189 185 179 179 172 168 164 160 159 155 151 152 146 143 141 142 141 136 133 137 130 132 126 124 122 
639 637 631 629 625 627 632 628 625 622 627 621 626 619 625 619 620 615 611 609 605 602 598 595 589 585 583 585 587 583 582 578 574 570 574 570 565 563 564 562 556 557 551 545 540 534 534 533 525 525 521 512 507 502 500 494 488 493 486 482 478 477 470 467 464 455 452 454 447 439 438 434 426 421 418 410 401 393 386 381 376 369 364 358 354 347 341 335 330 324 317 318 312 306 304 297 290 284 278 275 271 263 258 254 249 242 234 230 228 222 219 214 206 203 200 196 188 182 175 171 172 166 159 157 159 153 147 147 144 140 135 136 135 134 130 131 126 126 123 122 116 
635 632 628 624 622 626 626 623 621 617 620 617 620 614 618 616 616 609 606 608 604 597 594 588 583 579 578 580 579 577 579 575 570 566 570 563 560 558 558 555 551 550 547 541 533 529 527 524 519 516 516 510 502 497 491 486 481 485 481 477 469 472 465 460 455 450 443 446 440 434 433 425 422 416 409 401 393 392 385 377 375 366 361 352 351 344 339 331 326 317 311 314 307 300 295 292 285 280 272 268 264 258 254 250 244 240 232 225 221 217 211 207 202 199 197 194 186 179 172 168 165 159 155 153 152 148 143 141 139 135 131 130 131 128 123 124 120 121 117 116 113 
630 629 623 622 618 622 620 616 617 613 615 613 615 609 612 612 611 605 601 602 597 595 589 585 580 575 573 576 574 569 575 573 567 561 562 559 555 550 550 548 543 542 542 536 531 524 518 516 512 508 509 506 500 491 488 482 476 480 474 468 460 464 459 455 447 447 438 437 432 427 424 417 415 410 402 396 387 383 378 371 367 360 353 346 343 336 332 326 320 312 306 305 298 292 288 284 279 274 269 268 260 259 251 246 242 234 229 224 219 213 208 202 198 193 190 188 183 176 168 163 158 157 151 147 150 143 140 137 133 130 127 125 128 125 120 121 116 120 115 113 111 
625 625 620 618 614 616 616 611 612 606 610 607 610 604 605 605 608 601 596 595 593 588 587 580 575 570 569 572 570 563 567 567 562 557 555 551 549 543 544 540 537 534 535 530 523 518 512 511 506 503 504 499 491 486 482 475 470 471 467 463 455 455 453 449 441 439 431 431 427 422 418 411 406 401 395 387 382 376 369 363 360 353 346 339 335 329 325 320 314 305 299 296 290 284 282 280 272 267 261 260 255 251 246 240 238 233 229 224 218 212 206 200 192 187 183 181 175 169 162 157 152 151 147 143 144 137 136 130 127 123 120 120 122 119 115 115 112 114 111 110 106 
623 622 619 615 609 610 613 607 606 602 603 602 608 601 599 601 602 599 592 591 587 582 580 577 570 565 563 568 563 555 563 560 557 553 548 545 542 537 537 534 530 527 528 524 518 511 506 505 500 498 496 492 483 479 475 468 464 463 461 454 447 446 446 441 435 430 422 425 419 413 416 408 404 396 392 385 376 371 362 357 351 349 340 333 329 323 320 314 308 302 293 293 285 278 274 272 269 262 256 255 252 244 238 234 230 230 225 222 215 210 204 196 192 184 179 174 168 162 159 155 149 145 141 136 137 133 130 127 126 120 114 114 119 113 112 109 106 109 108 106 101 
618 616 613 610 605 607 607 603 599 595 598 599 601 597 596 594 598 592 588 585 586 579 576 572 567 562 560 560 555 548 556 553 554 547 541 541 538 531 530 531 525 521 520 516 513 506 502 500 495 493 492 484 476 471 467 463 457 456 455 446 438 440 441 434 429 421 415 418 413 408 408 403 395 391 388 382 373 371 363 354 346 344 337 328 327 318 313 306 300 294 287 285 278 275 269 265 262 254 250 251 245 242 239 231 224 222 220 214 213 207 199 191 186 180 175 170 166 165 161 154 147 142 136 132 135 130 124 122 121 114 111 107 113 107 112 106 103 105 107 102 97 
614 612 610 605 602 601 603 597 597 591 598 595 594 594 590 588 593 586 582 579 581 582 576 572 566 559 556 555 549 544 548 546 546 540 536 537 535 527 526 530 524 517 515 511 505 502 495 492 489 487 484 478 472 464 460 456 451 450 446 439 432 431 434 427 427 418 409 413 407 400 400 395 387 382 381 374 368 362 354 347 341 336 329 323 319 312 306 301 295 287 282 278 274 274 268 260 255 250 245 243 237 238 231 226 220 216 212 208 205 199 192 187 181 176 171 167 161 158 154 149 143 137 135 129 128 126 121 117 117 110 110 104 108 104 107 106 100 102 103 100 94 
614 610 607 604 600 597 597 595 593 589 592 590 591 588 584 585 588 583 579 575 576 577 570 567 564 560 553 550 544 539 541 539 539 537 531 529 528 522 521 523 520 512 511 505 500 495 489 486 481 482 482 475 467 462 456 449 443 445 437 430 427 424 426 420 418 411 403 405 400 394 394 388 382 377 372 369 361 356 350 343 340 334 325 317 310 305 300 295 292 284 281 276 270 266 260 254 248 243 239 235 233 231 223 218 218 210 204 202 197 191 187 184 177 170 170 165 158 152 147 142 139 133 129 126 123 120 117 114 110 107 107 101 105 102 101 101 98 99 98 94 90 
615 614 609 607 601 595 592 592 591 587 588 584 585 582 579 580 584 579 576 571 573 573 568 567 563 557 554 549 542 536 536 533 531 532 527 521 522 518 514 515 512 505 503 502 494 491 485 479 473 477 474 467 465 457 451 444 438 437 433 425 420 419 417 413 409 402 394 399 394 389 387 382 380 374 366 361 356 353 345 338 331 325 317 313 305 304 296 290 284 280 275 271 267 260 257 250 250 244 236 231 225 223 217 214 210 206 199 195 189 185 180 176 173 167 167 161 158 154 150 144 143 138 132 125 121 120 114 111 107 102 101 97 103 100 95 95 92 93 92 89 85 
609 610 607 601 597 593 589 587 585 581 583 578 580 576 575 577 577 574 570 567 568 570 565 564 559 557 551 545 539 533 530 529 527 529 521 517 514 515 509 510 506 501 498 497 490 486 481 474 469 473 467 463 458 456 449 441 434 430 425 422 416 414 409 405 402 394 387 394 392 384 380 375 372 368 361 355 349 346 338 334 332 324 317 309 301 297 292 288 283 279 273 270 264 256 250 246 243 242 234 226 218 216 212 209 210 203 197 189 184 180 173 170 166 161 161 156 152 148 146 140 138 134 128 121 118 117 115 110 104 99 94 93 98 98 92 91 87 87 88 87 83 
605 605 604 599 594 590 592 586 584 579 578 574 573 571 572 570 572 570 568 561 565 565 561 558 553 550 544 540 534 528 525 523 519 521 516 511 509 507 504 502 499 494 490 490 486 481 473 469 465 468 465 459 454 448 442 436 428 427 420 417 409 409 402 398 396 390 383 387 386 380 376 371 364 360 354 347 343 339 334 329 325 319 314 310 303 296 292 285 279 272 267 263 258 252 247 242 237 234 226 219 214 212 207 204 203 199 194 191 183 175 167 163 159 158 158 153 146 143 141 136 133 128 124 119 115 114 110 104 98 93 90 91 95 92 87 88 83 85 82 81 78 
603 601 599 598 592 588 589 585 581 577 573 568 571 565 567 565 567 567 562 557 560 564 560 553 550 545 540 537 534 529 522 519 516 515 508 507 503 501 496 496 493 489 484 487 480 476 473 465 460 462 459 453 447 442 437 429 424 420 414 410 405 402 396 392 389 384 378 380 379 379 372 370 362 358 353 347 340 336 330 325 321 314 309 305 298 294 289 283 276 268 261 257 253 249 241 237 233 227 222 217 210 207 203 198 196 193 189 183 175 168 164 160 154 154 153 152 146 139 135 130 127 124 119 114 111 107 103 102 95 91 88 86 89 87 84 85 80 81 80 75 74 
601 600 597 596 591 586 584 582 577 572 568 566 565 562 560 559 564 564 559 554 560 563 558 553 546 540 536 530 527 523 521 517 511 510 505 501 499 496 490 490 487 486 480 479 474 471 467 462 456 454 454 448 446 441 435 430 426 421 413 407 401 396 390 386 382 377 374 376 373 373 368 364 361 357 352 344 339 333 331 326 319 314 308 301 295 287 286 284 280 272 266 263 256 248 243 238 232 226 218 212 206 202 198 190 190 187 185 180 173 167 160 155 150 151 148 145 139 137 135 132 125 121 114 112 106 102 99 99 95 90 85 83 88 86 82 79 78 76 76 71 68 
597 594 591 591 587 587 582 579 576 572 568 564 563 559 557 555 557 557 552 551 555 558 551 546 540 537 535 531 525 519 514 511 508 504 500 495 494 488 484 483 481 481 475 471 469 468 460 455 451 447 446 442 438 437 432 425 421 417 415 410 405 399 391 384 380 373 368 371 367 365 366 360 354 351 344 336 331 327 324 319 311 308 301 293 288 283 279 280 273 267 259 255 250 243 238 230 228 222 216 212 204 201 194 186 182 180 177 173 168 163 157 150 147 149 144 141 134 133 129 129 122 116 110 110 103 100 96 92 94 89 85 80 86 83 78 73 72 73 70 66 65 
598 593 589 586 582 582 577 575 573 568 564 562 561 560 554 552 551 554 549 547 553 551 544 543 539 533 528 528 524 519 515 509 502 498 494 489 488 485 480 477 475 474 471 465 465 460 456 454 447 442 442 438 434 429 425 421 413 411 409 402 397 392 385 380 376 368 364 367 359 358 358 356 348 345 337 329 323 319 316 311 307 304 299 294 287 279 274 273 268 263 256 249 242 237 232 224 220 215 211 205 199 195 188 183 175 175 172 167 162 161 155 148 144 145 140 136 130 132 125 122 116 111 107 104 97 100 95 89 88 84 82 78 83 77 74 69 67 67 68 63 61 
594 589 584 582 579 578 572 570 568 563 560 559 558 557 551 550 548 548 545 542 547 546 540 540 533 528 525 523 519 514 511 506 500 497 490 486 482 480 475 473 470 470 466 461 460 455 450 448 444 437 434 435 430 426 419 413 409 405 403 396 391 387 381 376 371 364 360 360 355 351 351 348 343 340 333 327 320 315 311 307 303 296 291 286 279 271 267 269 264 259 254 246 240 235 228 224 216 211 205 204 199 191 184 177 172 169 167 161 157 154 151 144 141 139 136 131 127 126 119 116 110 107 104 97 94 93 90 85 86 82 77 76 80 75 71 66 63 65 62 58 57 
589 584 586 580 576 574 572 569 563 559 557 554 556 552 548 547 543 542 538 535 540 541 537 533 529 523 520 517 513 510 505 502 498 495 488 484 479 475 471 470 465 465 461 453 457 454 446 441 437 431 427 429 427 419 415 410 404 401 398 390 386 382 374 370 365 363 355 356 350 346 343 340 335 335 328 320 315 310 305 299 295 290 286 279 271 267 263 261 256 254 248 242 236 231 224 216 211 208 200 198 192 184 178 173 167 164 161 156 152 149 146 140 137 137 131 128 124 120 116 113 110 105 100 94 91 90 84 83 80 77 75 73 75 69 67 65 61 61 57 56 53 
583 580 586 581 579 574 572 568 565 563 558 552 553 547 543 544 540 536 536 532 536 540 535 532 530 528 527 520 517 510 506 501 495 492 488 481 477 472 468 464 462 461 455 448 453 451 444 436 435 431 423 422 422 419 411 403 399 395 390 383 378 374 367 362 358 356 350 352 349 341 339 334 328 329 323 320 312 305 301 297 292 288 280 277 272 265 258 259 251 252 244 237 231 226 221 213 206 203 195 190 185 181 178 176 173 168 164 158 155 148 144 141 134 133 127 129 123 117 118 111 110 105 101 95 88 85 80 78 83 77 74 71 70 64 62 60 56 55 52 54 48 
579 577 580 577 573 575 570 567 565 561 555 550 547 542 540 538 535 534 531 528 530 534 531 526 524 522 520 514 511 507 504 497 492 488 482 475 472 470 464 461 458 457 450 445 445 443 437 432 429 423 419 415 415 411 407 399 394 387 387 379 373 370 365 358 354 349 344 344 343 336 336 328 323 323 317 312 313 307 299 294 289 283 275 271 266 260 254 251 245 244 238 234 226 223 215 210 202 195 190 186 183 178 173 171 169 164 158 153 149 143 140 135 131 127 124 124 119 114 113 107 105 99 95 91 86 84 80 74 79 76 74 69 67 63 59 56 50 51 48 48 43 
576 574 575 576 570 570 569 563 560 558 553 551 545 540 537 537 533 532 527 525 526 528 525 521 518 518 514 513 508 501 500 495 492 487 481 474 468 466 460 455 452 451 445 442 440 436 430 427 425 420 418 411 409 407 399 393 391 383 379 372 365 362 358 353 350 343 338 340 337 330 332 324 319 315 312 308 306 302 294 290 286 279 271 264 261 254 250 243 239 236 232 226 222 216 208 202 197 194 190 183 179 174 168 166 164 159 152 149 144 141 139 132 129 124 121 119 114 110 109 104 100 98 91 87 85 81 75 71 75 73 70 68 62 58 55 52 47 47 45 43 39 
571 570 569 570 566 566 563 559 555 552 551 548 543 538 535 533 529 527 523 523 521 526 520 519 513 514 511 507 501 497 494 490 487 482 475 469 463 461 462 455 449 445 445 438 436 431 427 420 417 414 411 407 404 402 396 389 387 379 372 365 361 356 353 349 345 340 334 332 333 326 328 320 315 311 308 304 303 297 292 285 280 273 267 259 253 249 244 240 234 230 230 225 217 213 208 202 196 191 184 178 175 170 163 160 157 154 151 149 145 138 137 133 128 121 117 114 113 107 104 98 93 93 88 82 80 77 71 68 73 70 66 62 59 55 53 48 45 42 41 38 37 
570 568 567 565 563 561 559 553 551 547 546 542 537 536 538 533 528 526 521 519 518 520 515 514 510 509 507 502 502 498 492 486 480 475 472 467 460 457 455 450 446 440 440 434 431 429 426 420 414 408 405 401 396 394 391 383 380 373 370 363 360 352 346 342 338 333 328 324 327 321 320 314 312 307 304 297 295 290 285 277 276 269 263 258 252 245 245 240 233 226 222 219 216 213 206 203 197 191 184 177 174 169 165 161 156 153 148 146 142 135 134 130 123 118 113 110 107 101 102 96 89 87 82 77 77 72 68 65 69 64 60 59 54 51 49 46 46 40 37 35 34 
573 570 572 567 565 562 560 556 550 545 540 537 535 533 532 529 525 523 519 517 515 515 509 511 507 504 501 497 495 491 489 482 478 472 468 462 461 454 450 443 440 437 434 428 428 425 421 415 409 402 398 394 392 387 384 377 373 369 364 357 358 351 345 341 336 331 328 320 323 315 313 309 305 299 299 293 289 284 278 273 268 264 260 252 249 241 238 235 230 232 225 221 214 208 202 196 194 187 180 173 170 165 163 158 154 149 142 140 135 132 131 125 121 117 114 109 105 98 96 90 86 84 80 75 71 71 68 63 66 60 58 57 51 49 45 43 41 39 36 33 28 
570 567 567 563 563 559 557 554 550 544 540 542 536 530 527 525 521 524 523 519 513 511 507 508 506 501 497 494 489 485 483 476 471 465 461 458 456 450 446 440 435 432 428 425 422 418 414 410 406 401 397 391 387 381 377 374 367 364 360 353 351 347 343 336 333 326 324 316 316 309 309 302 303 295 292 287 283 279 273 265 261 256 252 248 241 236 232 229 226 225 218 215 208 204 197 191 188 183 176 171 167 160 160 155 149 144 138 135 133 127 128 127 122 117 110 104 98 94 92 93 91 85 79 73 69 66 64 59 60 55 55 54 49 48 42 40 36 34 31 30 27 
567 564 562 559 557 555 552 549 545 542 537 538 535 531 529 523 519 520 517 513 509 506 503 503 502 498 497 492 488 481 477 470 465 462 459 455 452 449 444 439 435 433 428 424 423 419 415 410 406 402 396 390 388 381 376 372 365 359 356 349 346 340 337 332 326 320 317 312 309 305 302 298 296 291 287 281 278 275 272 268 264 259 252 247 243 242 235 229 222 219 214 211 206 201 194 189 183 179 172 166 162 157 154 149 144 141 139 132 128 121 124 122 117 110 104 101 96 93 89 88 85 82 78 74 69 66 61 57 54 52 49 50 45 45 41 35 35 29 29 25 26 
567 566 563 560 557 553 550 546 542 540 535 533 531 528 525 521 515 514 512 507 508 503 499 499 497 495 496 490 485 484 479 476 472 469 462 458 454 449 443 439 432 431 424 421 418 413 409 403 403 396 391 386 382 379 373 371 364 360 354 349 343 337 334 330 327 325 323 318 311 307 300 294 291 287 284 282 279 274 267 262 258 253 250 246 240 237 231 225 220 217 212 206 200 197 191 187 183 177 171 164 159 152 147 145 140 138 137 131 125 118 122 116 110 107 103 98 93 91 87 85 82 78 73 69 66 61 58 57 52 48 45 44 42 40 38 33 30 27 27 24 25 
568 565 564 559 557 553 548 546 541 539 534 531 526 524 521 515 512 510 507 504 502 500 495 496 491 491 490 484 480 481 476 473 472 466 464 457 451 445 442 435 429 424 421 415 414 407 402 396 397 392 387 384 380 375 370 366 359 354 350 345 340 334 329 326 322 319 316 311 306 303 300 294 289 283 278 275 272 270 264 258 253 247 243 241 235 232 225 220 217 210 208 201 199 198 191 184 179 173 166 159 153 150 143 139 136 134 132 128 122 115 116 110 107 103 97 93 89 86 86 82 76 73 72 71 66 60 56 52 49 43 39 41 36 38 32 31 26 22 22 19 24 
567 564 564 559 557 553 552 548 546 542 537 532 529 528 522 517 513 510 507 503 499 496 493 490 488 486 484 481 478 475 472 470 467 463 457 453 449 444 437 431 426 422 418 412 407 404 400 393 390 386 381 380 374 369 366 362 358 351 348 344 337 334 330 327 323 323 319 312 307 304 297 290 287 285 279 274 267 264 259 258 251 244 237 234 228 225 221 216 212 206 204 197 193 191 185 180 173 169 163 159 152 148 143 137 132 129 126 123 118 112 109 104 100 97 95 89 84 84 80 78 74 71 68 65 60 54 50 46 44 39 37 35 32 32 28 26 25 21 19 17 21 
567 563 560 561 557 555 550 545 543 541 537 535 534 530 525 519 518 512 512 509 503 502 496 496 493 487 484 479 476 472 469 466 462 457 456 451 445 440 436 432 429 422 419 415 412 406 401 394 388 383 378 374 370 369 365 359 353 347 344 344 338 331 329 326 319 317 314 307 306 299 294 288 282 279 273 267 263 262 255 251 244 237 230 227 223 219 214 212 206 203 201 196 190 184 183 179 174 167 162 155 152 146 142 139 133 127 120 117 113 112 107 103 100 96 93 88 82 79 76 72 71 66 65 64 59 54 48 42 40 37 37 34 30 26 29 28 23 21 17 15 19 
564 560 559 558 556 551 550 546 543 541 540 537 533 528 524 519 513 510 508 504 499 497 495 492 489 486 481 477 472 470 465 461 456 453 450 451 447 444 440 433 429 422 418 413 406 401 394 391 388 381 376 372 366 363 361 357 350 346 340 337 333 326 323 320 316 313 309 304 300 296 289 283 278 273 270 267 260 257 254 247 240 235 231 225 219 214 210 206 202 198 195 191 185 181 176 173 167 164 160 156 150 144 139 132 126 121 118 114 110 108 103 101 97 93 89 86 83 77 73 70 68 64 62 59 55 51 48 43 38 33 32 28 27 23 25 23 21 20 15 10 15 
566 564 561 556 553 548 547 545 543 539 534 532 530 526 521 516 512 509 504 502 500 497 495 489 485 481 478 473 470 467 461 456 454 449 447 444 441 441 436 432 429 424 417 411 405 398 395 390 385 381 376 371 365 360 357 353 350 347 346 340 336 329 325 321 318 314 308 301 299 293 289 284 280 273 270 265 261 255 252 246 239 234 230 225 223 220 215 209 207 205 201 194 187 184 178 172 169 166 159 152 145 142 136 133 130 124 119 117 113 107 105 105 102 96 92 86 82 76 72 67 64 62 57 55 50 48 44 42 37 31 27 26 22 21 22 20 19 15 10 8 11 
567 564 562 557 553 552 550 547 543 538 538 533 535 530 525 521 517 511 506 505 503 498 495 492 487 481 478 476 470 464 462 458 456 453 450 444 439 436 433 427 422 419 416 413 408 401 399 392 385 382 376 369 363 360 356 353 349 343 339 336 331 326 321 316 311 308 304 298 295 291 284 277 274 271 267 261 254 251 246 242 235 230 227 222 219 216 213 209 203 198 195 189 186 180 173 170 165 161 160 156 150 144 138 133 127 121 118 113 111 105 103 103 97 92 88 84 79 77 71 67 62 61 57 55 50 46 41 36 31 27 25 22 21 20 17 17 15 11 8 6 9 
565 563 558 553 552 548 547 544 540 536 536 531 530 530 524 518 515 513 509 505 501 500 495 493 488 484 480 474 470 467 461 455 452 450 448 443 441 441 435 430 425 422 415 412 408 403 400 394 390 383 377 371 366 362 355 352 349 344 339 334 330 326 324 317 312 305 302 298 293 288 281 277 273 267 263 258 252 248 241 236 232 229 225 223 217 214 211 205 201 195 190 184 179 175 169 168 163 158 157 150 143 139 134 132 126 121 115 110 108 104 101 98 95 93 87 81 75 71 65 61 59 55 53 49 50 45 42 38 32 26 24 23 22 18 14 15 12 11 6 3 4 
562 559 557 554 553 548 547 542 539 535 532 531 526 524 520 516 514 508 503 500 496 494 492 488 484 478 476 473 468 465 463 460 457 451 449 445 443 439 437 433 430 425 420 417 413 408 401 396 389 382 375 372 369 362 357 352 346 343 339 333 328 323 319 313 307 300 295 292 287 284 280 274 271 264 260 255 248 241 238 234 231 227 222 217 214 211 208 205 199 194 187 180 176 171 166 162 159 154 150 144 140 134 132 128 124 121 119 115 110 105 100 96 91 88 82 77 74 72 67 62 56 51 49 47 45 41 39 36 30 27 25 24 23 18 13 12 11 9 6 2 0 
